1.3031,-0.40196,1.5028
-1.9173,1.3031,-0.40196
0.32429,-1.9173,1.3031
-0.66754,0.32429,-1.9173
0.83667,-0.66754,0.32429
-1.1821,0.83667,-0.66754
0.56999,-1.1821,0.83667
-0.87524,0.56999,-1.1821
0.70784,-0.87524,0.56999
-0.76355,0.70784,-0.87524
1.0341,-0.76355,0.70784
-1.9213,1.0341,-0.76355
-1.1013,-1.9213,1.0341
0.08894,-1.1013,-1.9213
0.08523,0.08894,-1.1013
0.57548,0.08523,0.08894
-0.4877,0.57548,0.08523
1.012,-0.4877,0.57548
-1.7133,1.012,-0.4877
-0.57845,-1.7133,1.012
0.35338,-0.57845,-1.7133
-0.060961,0.35338,-0.57845
0.72784,-0.060961,0.35338
-0.66308,0.72784,-0.060961
1.0761,-0.66308,0.72784
-1.9957,1.0761,-0.66308
-1.2233,-1.9957,1.0761
0.03555,-1.2233,-1.9957
0.12108,0.03555,-1.2233
0.48311,0.12108,0.03555
-0.2116,0.48311,0.12108
0.95886,-0.2116,0.48311
-1.645,0.95886,-0.2116
-0.76567,-1.645,0.95886
0.12673,-0.76567,-1.645
0.48789,0.12673,-0.76567
-0.12619,0.48789,0.12673
0.90047,-0.12619,0.48789
-1.3974,0.90047,-0.12619
-0.043294,-1.3974,0.90047
0.29327,-0.043294,-1.3974
0.15268,0.29327,-0.043294
0.56576,0.15268,0.29327
-0.43089,0.56576,0.15268
1.0242,-0.43089,0.56576
-1.7926,1.0242,-0.43089
-0.91764,-1.7926,1.0242
0.12145,-0.91764,-1.7926
0.12719,0.12145,-0.91764
0.54161,0.12719,0.12145
-0.38761,0.54161,0.12719
1.0234,-0.38761,0.54161
-1.791,1.0234,-0.38761
-0.94951,-1.791,1.0234
0.06153,-0.94951,-1.791
0.21209,0.06153,-0.94951
0.39102,0.21209,0.06153
-0.0054281,0.39102,0.21209
0.81242,-0.0054281,0.39102
-1.1886,0.81242,-0.0054281
0.19908,-1.1886,0.81242
0.36128,0.19908,-1.1886
0.17805,0.36128,0.19908
0.54664,0.17805,0.36128
-0.34386,0.54664,0.17805
1.018,-0.34386,0.54664
-1.8357,1.018,-0.34386
-1.2445,-1.8357,1.018
-0.57936,-1.2445,-1.8357
0.4226,-0.57936,-1.2445
-0.032417,0.4226,-0.57936
0.70006,-0.032417,0.4226
-0.44371,0.70006,-0.032417
1.0606,-0.44371,0.70006
-1.3069,1.0606,-0.44371
1.1118,-1.3069,1.0606
-1.7428,1.1118,-1.3069
0.66542,-1.7428,1.1118
-1.1051,0.66542,-1.7428
0.81553,-1.1051,0.66542
-1.5611,0.81553,-1.1051
-0.62396,-1.5611,0.81553
0.26746,-0.62396,-1.5611
0.45204,0.26746,-0.62396
-0.017807,0.45204,0.26746
0.82361,-0.017807,0.45204
-1.1695,0.82361,-0.017807
0.33514,-1.1695,0.82361
-0.011624,0.33514,-1.1695
0.64511,-0.011624,0.33514
-0.26389,0.64511,-0.011624
0.9216,-0.26389,0.64511
-0.5977,0.9216,-0.26389
1.2382,-0.5977,0.9216
-0.15589,1.2382,-0.5977
1.0216,-0.15589,1.2382
-0.51081,1.0216,-0.15589
1.2129,-0.51081,1.0216
0.35624,1.2129,-0.51081
0.91958,0.35624,1.2129
-0.78093,0.91958,0.35624
1.1451,-0.78093,0.91958
-2.0481,1.1451,-0.78093
-0.76648,-2.0481,1.1451
0.42892,-0.76648,-2.0481
0.65383,0.42892,-0.76648
-0.15561,0.65383,0.42892
0.92327,-0.15561,0.65383
-1.2584,0.92327,-0.15561
0.60033,-1.2584,0.92327
-1.0788,0.60033,-1.2584
0.28322,-1.0788,0.60033
0.43168,0.28322,-1.0788
0.20897,0.43168,0.28322
0.44436,0.20897,0.43168
0.056114,0.44436,0.20897
0.60283,0.056114,0.44436
-0.22389,0.60283,0.056114
0.89211,-0.22389,0.60283
-0.74527,0.89211,-0.22389
1.2515,-0.74527,0.89211
-1.2255,1.2515,-0.74527
1.5685,-1.2255,1.2515
-0.33559,1.5685,-1.2255
1.3267,-0.33559,1.5685
-1.9132,1.3267,-0.33559
0.37888,-1.9132,1.3267
-0.73152,0.37888,-1.9132
0.84082,-0.73152,0.37888
-1.369,0.84082,-0.73152
0.037423,-1.369,0.84082
0.19549,0.037423,-1.369
0.34242,0.19549,0.037423
0.21831,0.34242,0.19549
0.3562,0.21831,0.34242
0.27222,0.3562,0.21831
0.18693,0.27222,0.3562
0.70626,0.18693,0.27222
-0.92551,0.70626,0.18693
0.48776,-0.92551,0.70626
0.65921,0.48776,-0.92551
0.63917,0.65921,0.48776
-0.0098967,0.63917,0.65921
0.75967,-0.0098967,0.63917
-0.62593,0.75967,-0.0098967
1.1171,-0.62593,0.75967
-1.8362,1.1171,-0.62593
-0.085908,-1.8362,1.1171
-0.10269,-0.085908,-1.8362
1.0693,-0.10269,-0.085908
0.3817,1.0693,-0.10269
0.94522,0.3817,1.0693
-0.80905,0.94522,0.3817
1.1449,-0.80905,0.94522
-2.0642,1.1449,-0.80905
-0.83017,-2.0642,1.1449
0.44052,-0.83017,-2.0642
0.58236,0.44052,-0.83017
-0.13764,0.58236,0.44052
0.93851,-0.13764,0.58236
-1.4804,0.93851,-0.13764
-0.15431,-1.4804,0.93851
0.30565,-0.15431,-1.4804
0.12497,0.30565,-0.15431
0.55241,0.12497,0.30565
-0.31229,0.55241,0.12497
0.9964,-0.31229,0.55241
-1.7475,0.9964,-0.31229
-0.89679,-1.7475,0.9964
0.076094,-0.89679,-1.7475
0.26177,0.076094,-0.89679
0.26635,0.26177,0.076094
0.32994,0.26635,0.26177
0.19189,0.32994,0.26635
0.48201,0.19189,0.32994
-0.16465,0.48201,0.19189
0.92366,-0.16465,0.48201
-1.5094,0.92366,-0.16465
-0.36611,-1.5094,0.92366
0.41133,-0.36611,-1.5094
-0.033631,0.41133,-0.36611
0.73508,-0.033631,0.41133
-0.70025,0.73508,-0.033631
1.0558,-0.70025,0.73508
-2.0147,1.0558,-0.70025
-1.5253,-2.0147,1.0558
-0.71179,-1.5253,-2.0147
0.44615,-0.71179,-1.5253
-0.18969,0.44615,-0.71179
0.81804,-0.18969,0.44615
-0.5838,0.81804,-0.18969
1.1728,-0.5838,0.81804
-0.9572,1.1728,-0.5838
1.5156,-0.9572,1.1728
-0.032314,1.5156,-0.9572
1.34,-0.032314,1.5156
-1.5028,1.34,-0.032314
1.1148,-1.5028,1.34
-1.5841,1.1148,-1.5028
1.1293,-1.5841,1.1148
-1.2593,1.1293,-1.5841
1.5226,-1.2593,1.1293
-0.35196,1.5226,-1.2593
1.303,-0.35196,1.5226
-1.9171,1.303,-0.35196
0.31981,-1.9171,1.303
-0.6641,0.31981,-1.9171
0.83377,-0.6641,0.31981
-1.1445,0.83377,-0.6641
0.65105,-1.1445,0.83377
-1.0813,0.65105,-1.1445
0.41682,-1.0813,0.65105
-0.095905,0.41682,-1.0813
0.7504,-0.095905,0.41682
-0.5008,0.7504,-0.095905
1.104,-0.5008,0.7504
-1.173,1.104,-0.5008
1.3838,-1.173,1.104
-1.2303,1.3838,-1.173
1.6276,-1.2303,1.3838
-0.11541,1.6276,-1.2303
1.4708,-0.11541,1.6276
-0.90425,1.4708,-0.11541
1.3857,-0.90425,1.4708
-1.8052,1.3857,-0.90425
1.2237,-1.8052,1.3857
-0.81618,1.2237,-1.8052
1.4329,-0.81618,1.2237
-0.36688,1.4329,-0.81618
1.2503,-0.36688,1.4329
-1.4719,1.2503,-0.36688
1.2635,-1.4719,1.2503
-1.3893,1.2635,-1.4719
1.5734,-1.3893,1.2635
-0.22543,1.5734,-1.3893
1.3735,-0.22543,1.5734
-1.5552,1.3735,-0.22543
1.1245,-1.5552,1.3735
-1.4905,1.1245,-1.5552
1.3146,-1.4905,1.1245
-1.045,1.3146,-1.4905
1.5617,-1.045,1.3146
-0.19111,1.5617,-1.045
1.3409,-0.19111,1.5617
-1.7427,1.3409,-0.19111
0.76163,-1.7427,1.3409
-1.2154,0.76163,-1.7427
0.88296,-1.2154,0.76163
-1.641,0.88296,-1.2154
-0.36993,-1.641,0.88296
0.32628,-0.36993,-1.641
0.18807,0.32628,-0.36993
0.27041,0.18807,0.32628
0.71717,0.27041,0.18807
-0.89256,0.71717,0.27041
0.56419,-0.89256,0.71717
0.4448,0.56419,-0.89256
0.48613,0.4448,0.56419
-0.057189,0.48613,0.4448
0.86863,-0.057189,0.48613
-1.3203,0.86863,-0.057189
0.032157,-1.3203,0.86863
0.33859,0.032157,-1.3203
0.108,0.33859,0.032157
0.65201,0.108,0.33859
-0.67258,0.65201,0.108
0.92966,-0.67258,0.65201
-1.3728,0.92966,-0.67258
0.38661,-1.3728,0.92966
-0.62129,0.38661,-1.3728
0.85057,-0.62129,0.38661
-0.76464,0.85057,-0.62129
1.1491,-0.76464,0.85057
-1.8684,1.1491,-0.76464
0.076419,-1.8684,1.1491
-0.34575,0.076419,-1.8684
0.95672,-0.34575,0.076419
0.30047,0.95672,-0.34575
0.81711,0.30047,0.95672
-0.71278,0.81711,0.30047
1.0766,-0.71278,0.81711
-2.0559,1.0766,-0.71278
-1.5654,-2.0559,1.0766
-0.65726,-1.5654,-2.0559
0.45187,-0.65726,-1.5654
-0.06939,0.45187,-0.65726
0.64,-0.06939,0.45187
0.30262,0.64,-0.06939
0.045515,0.30262,0.64
1.2334,0.045515,0.30262
0.040761,1.2334,0.045515
1.0731,0.040761,1.2334
-1.3545,1.0731,0.040761
0.77,-1.3545,1.0731
-1.4909,0.77,-1.3545
-0.35557,-1.4909,0.77
0.4131,-0.35557,-1.4909
-0.069769,0.4131,-0.35557
0.78508,-0.069769,0.4131
-0.90978,0.78508,-0.069769
0.89954,-0.90978,0.78508
-1.6821,0.89954,-0.90978
-0.8525,-1.6821,0.89954
0.048632,-0.8525,-1.6821
0.46136,0.048632,-0.8525
-0.13368,0.46136,0.048632
0.90836,-0.13368,0.46136
-1.4513,0.90836,-0.13368
-0.23148,-1.4513,0.90836
0.41891,-0.23148,-1.4513
-0.049038,0.41891,-0.23148
0.77641,-0.049038,0.41891
-0.90482,0.77641,-0.049038
0.8784,-0.90482,0.77641
-1.5966,0.8784,-0.90482
-0.58566,-1.5966,0.8784
0.32209,-0.58566,-1.5966
0.078615,0.32209,-0.58566
0.56413,0.078615,0.32209
-0.19232,0.56413,0.078615
0.87581,-0.19232,0.56413
-0.90502,0.87581,-0.19232
1.1445,-0.90502,0.87581
-1.9518,1.1445,-0.90502
-0.18341,-1.9518,1.1445
-0.016778,-0.18341,-1.9518
1.0913,-0.016778,-0.18341
0.52049,1.0913,-0.016778
1.0556,0.52049,1.0913
-0.54773,1.0556,0.52049
1.2176,-0.54773,1.0556
-1.2594,1.2176,-0.54773
1.4908,-1.2594,1.2176
-0.79993,1.4908,-1.2594
1.4251,-0.79993,1.4908
-1.3787,1.4251,-0.79993
1.6121,-1.3787,1.4251
-0.31917,1.6121,-1.3787
1.3636,-0.31917,1.6121
-1.6967,1.3636,-0.31917
0.92362,-1.6967,1.3636
-1.324,0.92362,-1.6967
1.1351,-1.324,0.92362
-1.5364,1.1351,-1.324
1.2161,-1.5364,1.1351
-1.2282,1.2161,-1.5364
1.585,-1.2282,1.2161
-0.057389,1.585,-1.2282
1.4637,-0.057389,1.585
-0.92197,1.4637,-0.057389
1.3932,-0.92197,1.4637
-1.765,1.3932,-0.92197
1.3066,-1.765,1.3932
-0.73381,1.3066,-1.765
1.3806,-0.73381,1.3066
-0.95087,1.3806,-0.73381
1.5488,-0.95087,1.3806
-0.28394,1.5488,-0.95087
1.3057,-0.28394,1.5488
-1.8963,1.3057,-0.28394
0.34944,-1.8963,1.3057
-0.70765,0.34944,-1.8963
0.81354,-0.70765,0.34944
-1.1152,0.81354,-0.70765
0.67416,-1.1152,0.81354
-1.1196,0.67416,-1.1152
0.37311,-1.1196,0.67416
-0.061356,0.37311,-1.1196
0.70945,-0.061356,0.37311
-0.4315,0.70945,-0.061356
1.0569,-0.4315,0.70945
-1.1225,1.0569,-0.4315
1.3316,-1.1225,1.0569
-1.431,1.3316,-1.1225
1.5854,-1.431,1.3316
-0.2563,1.5854,-1.431
1.3733,-0.2563,1.5854
-1.5656,1.3733,-0.2563
1.1158,-1.5656,1.3733
-1.4774,1.1158,-1.5656
1.3165,-1.4774,1.1158
-1.0532,1.3165,-1.4774
1.5656,-1.0532,1.3165
-0.18141,1.5656,-1.0532
1.3485,-0.18141,1.5656
-1.7086,1.3485,-0.18141
0.84212,-1.7086,1.3485
-1.2962,0.84212,-1.7086
0.95586,-1.2962,0.84212
-1.6427,0.95586,-1.2962
0.19168,-1.6427,0.95586
-0.4604,0.19168,-1.6427
0.89535,-0.4604,0.19168
0.50354,0.89535,-0.4604
0.86755,0.50354,0.89535
-0.50492,0.86755,0.50354
1.1305,-0.50492,0.86755
-1.6914,1.1305,-0.50492
0.45091,-1.6914,1.1305
-0.90902,0.45091,-1.6914
0.52809,-0.90902,0.45091
0.04213,0.52809,-0.90902
0.62309,0.04213,0.52809
-0.033332,0.62309,0.04213
0.6159,-0.033332,0.62309
0.609,0.6159,-0.033332
-0.30771,0.609,0.6159
1.0564,-0.30771,0.609
-1.7699,1.0564,-0.30771
-0.67185,-1.7699,1.0564
0.34112,-0.67185,-1.7699
-0.058542,0.34112,-0.67185
0.70761,-0.058542,0.34112
-0.55146,0.70761,-0.058542
1.0891,-0.55146,0.70761
-1.7706,1.0891,-0.55146
-0.05061,-1.7706,1.0891
-0.12219,-0.05061,-1.7706
1.0506,-0.12219,-0.05061
0.10844,1.0506,-0.12219
0.89102,0.10844,1.0506
-0.88314,0.89102,0.10844
1.0956,-0.88314,0.89102
-2.0438,1.0956,-0.88314
-1.0834,-2.0438,1.0956
0.32529,-1.0834,-2.0438
0.1136,0.32529,-1.0834
0.28522,0.1136,0.32529
1.0739,0.28522,0.1136
-0.54612,1.0739,0.28522
1.2185,-0.54612,1.0739
-1.3551,1.2185,-0.54612
1.4154,-1.3551,1.2185
-1.0813,1.4154,-1.3551
1.5678,-1.0813,1.4154
-0.48409,1.5678,-1.0813
1.3262,-0.48409,1.5678
-1.9827,1.3262,-0.48409
0.34492,-1.9827,1.3262
-0.66098,0.34492,-1.9827
0.89905,-0.66098,0.34492
-1.6071,0.89905,-0.66098
-0.68482,-1.6071,0.89905
0.21569,-0.68482,-1.6071
0.41092,0.21569,-0.68482
-0.00053506,0.41092,0.21569
0.82307,-0.00053506,0.41092
-1.2042,0.82307,-0.00053506
0.18923,-1.2042,0.82307
0.33245,0.18923,-1.2042
0.19045,0.33245,0.18923
0.55048,0.19045,0.33245
-0.39926,0.55048,0.19045
1.0265,-0.39926,0.55048
-1.7557,1.0265,-0.39926
-0.74671,-1.7557,1.0265
0.285,-0.74671,-1.7557
-0.057371,0.285,-0.74671
0.76042,-0.057371,0.285
-0.94749,0.76042,-0.057371
0.74617,-0.94749,0.76042
-1.0784,0.74617,-0.94749
0.65043,-1.0784,0.74617
-0.99433,0.65043,-1.0784
0.61943,-0.99433,0.65043
-0.68234,0.61943,-0.99433
1.0094,-0.68234,0.61943
-1.8724,1.0094,-0.68234
-1.1513,-1.8724,1.0094
-0.14692,-1.1513,-1.8724
0.33361,-0.14692,-1.1513
0.18387,0.33361,-0.14692
0.33609,0.18387,0.33361
0.46895,0.33609,0.18387
-0.34466,0.46895,0.33609
1.0632,-0.34466,0.46895
-0.3853,1.0632,-0.34466
1.1398,-0.3853,1.0632
-1.1349,1.1398,-0.3853
1.4259,-1.1349,1.1398
-1.0766,1.4259,-1.1349
1.5821,-1.0766,1.4259
-0.40041,1.5821,-1.0766
1.3247,-0.40041,1.5821
-1.9892,1.3247,-0.40041
0.21371,-1.9892,1.3247
-0.51638,0.21371,-1.9892
0.88433,-0.51638,0.21371
-1.1966,0.88433,-0.51638
0.62772,-1.1966,0.88433
-1.0677,0.62772,-1.1966
0.39762,-1.0677,0.62772
0.030359,0.39762,-1.0677
0.5998,0.030359,0.39762
-0.054341,0.5998,0.030359
0.65415,-0.054341,0.5998
0.3977,0.65415,-0.054341
-0.072351,0.3977,0.65415
1.1527,-0.072351,0.3977
-0.69417,1.1527,-0.072351
1.2896,-0.69417,1.1527
-1.4888,1.2896,-0.69417
1.4279,-1.4888,1.2896
-0.89821,1.4279,-1.4888
1.4673,-0.89821,1.4279
-1.0229,1.4673,-0.89821
1.5579,-1.0229,1.4673
-0.63982,1.5579,-1.0229
1.365,-0.63982,1.5579
-1.8182,1.365,-0.63982
1.0418,-1.8182,1.365
-1.0525,1.0418,-1.8182
1.5049,-1.0525,1.0418
0.0081729,1.5049,-1.0525
1.3691,0.0081729,1.5049
-1.3224,1.3691,0.0081729
1.3108,-1.3224,1.3691
-1.6195,1.3108,-1.3224
1.4388,-1.6195,1.3108
-0.57414,1.4388,-1.6195
1.3136,-0.57414,1.4388
-1.7488,1.3136,-0.57414
1.0036,-1.7488,1.3136
-1.2038,1.0036,-1.7488
1.4316,-1.2038,1.0036
-0.69035,1.4316,-1.2038
1.386,-0.69035,1.4316
-1.2284,1.386,-0.69035
1.6154,-1.2284,1.386
-0.26104,1.6154,-1.2284
1.3766,-0.26104,1.6154
-1.6451,1.3766,-0.26104
1.0155,-1.6451,1.3766
-1.3978,1.0155,-1.6451
1.2303,-1.3978,1.0155
-1.3198,1.2303,-1.3978
1.5702,-1.3198,1.2303
-0.23182,1.5702,-1.3198
1.3612,-0.23182,1.5702
-1.651,1.3612,-0.23182
0.97556,-1.651,1.3612
-1.3952,0.97556,-1.651
1.1369,-1.3952,0.97556
-1.4711,1.1369,-1.3952
1.3333,-1.4711,1.1369
-1.0462,1.3333,-1.4711
1.5613,-1.0462,1.3333
-0.25038,1.5613,-1.0462
1.3258,-0.25038,1.5613
-1.8485,1.3258,-0.25038
0.50658,-1.8485,1.3258
-0.9067,0.50658,-1.8485
0.80337,-0.9067,0.50658
-1.431,0.80337,-0.9067
-0.29493,-1.431,0.80337
0.46317,-0.29493,-1.431
0.078453,0.46317,-0.29493
0.55907,0.078453,0.46317
0.014318,0.55907,0.078453
0.55774,0.014318,0.55907
0.50958,0.55774,0.014318
-0.31398,0.50958,0.55774
1.0878,-0.31398,0.50958
-0.61837,1.0878,-0.31398
1.2495,-0.61837,1.0878
-1.37,1.2495,-0.61837
1.461,-1.37,1.2495
-0.89898,1.461,-1.37
1.4695,-0.89898,1.461
-1.105,1.4695,-0.89898
1.587,-1.105,1.4695
-0.53061,1.587,-1.105
1.3357,-0.53061,1.587
-2.0138,1.3357,-0.53061
0.31787,-2.0138,1.3357
-0.61662,0.31787,-2.0138
0.9136,-0.61662,0.31787
-1.648,0.9136,-0.61662
-0.8151,-1.648,0.9136
0.048006,-0.8151,-1.648
0.61173,0.048006,-0.8151
-0.17523,0.61173,0.048006
0.89239,-0.17523,0.61173
-1.0055,0.89239,-0.17523
1.0513,-1.0055,0.89239
-1.9754,1.0513,-1.0055
-0.96636,-1.9754,1.0513
0.3482,-0.96636,-1.9754
0.081889,0.3482,-0.96636
0.35777,0.081889,0.3482
0.94485,0.35777,0.081889
-0.70801,0.94485,0.35777
1.164,-0.70801,0.94485
-2.0073,1.164,-0.70801
-0.4804,-2.0073,1.164
0.2792,-0.4804,-2.0073
1.0028,0.2792,-0.4804
0.1866,1.0028,0.2792
0.74214,0.1866,1.0028
-0.47487,0.74214,0.1866
1.0845,-0.47487,0.74214
-1.5643,1.0845,-0.47487
0.6152,-1.5643,1.0845
-1.1895,0.6152,-1.5643
0.21086,-1.1895,0.6152
0.18003,0.21086,-1.1895
0.37262,0.18003,0.21086
0.29953,0.37262,0.18003
0.089791,0.29953,0.37262
0.90914,0.089791,0.29953
-1.3078,0.90914,0.089791
0.11323,-1.3078,0.90914
0.2219,0.11323,-1.3078
0.29035,0.2219,0.11323
0.40881,0.29035,0.2219
-0.11813,0.40881,0.29035
0.99519,-0.11813,0.40881
-1.5751,0.99519,-0.11813
-0.33664,-1.5751,0.99519
0.35804,-0.33664,-1.5751
-0.022265,0.35804,-0.33664
0.73197,-0.022265,0.35804
-0.79724,0.73197,-0.022265
0.94162,-0.79724,0.73197
-1.7338,0.94162,-0.79724
-0.9117,-1.7338,0.94162
0.031081,-0.9117,-1.7338
0.34927,0.031081,-0.9117
0.070191,0.34927,0.031081
0.67958,0.070191,0.34927
-0.73599,0.67958,0.070191
0.8996,-0.73599,0.67958
-1.3568,0.8996,-0.73599
0.34525,-1.3568,0.8996
-0.49765,0.34525,-1.3568
0.93237,-0.49765,0.34525
-1.2642,0.93237,-0.49765
0.6139,-1.2642,0.93237
-1.0966,0.6139,-1.2642
0.2896,-1.0966,0.6139
0.3223,0.2896,-1.0966
0.25034,0.3223,0.2896
0.46714,0.25034,0.3223
-0.19653,0.46714,0.25034
0.98956,-0.19653,0.46714
-1.6941,0.98956,-0.19653
-0.85331,-1.6941,0.98956
0.044173,-0.85331,-1.6941
0.46378,0.044173,-0.85331
-0.13889,0.46378,0.044173
0.91136,-0.13889,0.46378
-1.4601,0.91136,-0.13889
-0.24754,-1.4601,0.91136
0.41778,-0.24754,-1.4601
-0.052471,0.41778,-0.24754
0.77874,-0.052471,0.41778
-0.91145,0.77874,-0.052471
0.87363,-0.91145,0.77874
-1.5859,0.87363,-0.91145
-0.56116,-1.5859,0.87363
0.33669,-0.56116,-1.5859
0.060693,0.33669,-0.56116
0.59182,0.060693,0.33669
-0.26303,0.59182,0.060693
0.93892,-0.26303,0.59182
-1.1474,0.93892,-0.26303
0.97635,-1.1474,0.93892
-1.856,0.97635,-1.1474
-0.81634,-1.856,0.97635
0.34232,-0.81634,-1.856
-0.011762,0.34232,-0.81634
0.57542,-0.011762,0.34232
0.16122,0.57542,-0.011762
0.26416,0.16122,0.57542
1.1837,0.26416,0.16122
-0.17389,1.1837,0.26416
1.0683,-0.17389,1.1837
-1.1472,1.0683,-0.17389
1.2444,-1.1472,1.0683
-1.7412,1.2444,-1.1472
1.0834,-1.7412,1.2444
-1.0958,1.0834,-1.7412
1.5273,-1.0958,1.0834
-0.012705,1.5273,-1.0958
1.395,-0.012705,1.5273
-1.2621,1.395,-0.012705
1.359,-1.2621,1.395
-1.5972,1.359,-1.2621
1.5079,-1.5972,1.359
-0.39883,1.5079,-1.5972
1.3046,-0.39883,1.5079
-1.9204,1.3046,-0.39883
0.31993,-1.9204,1.3046
-0.66132,0.31993,-1.9204
0.83917,-0.66132,0.31993
-1.1848,0.83917,-0.66132
0.56894,-1.1848,0.83917
-0.87576,0.56894,-1.1848
0.70504,-0.87576,0.56894
-0.74929,0.70504,-0.87576
1.0414,-0.74929,0.70504
-1.9244,1.0414,-0.74929
-1.0623,-1.9244,1.0414
0.15864,-1.0623,-1.9244
0.033063,0.15864,-1.0623
0.604,0.033063,0.15864
-0.45678,0.604,0.033063
1.0328,-0.45678,0.604
-1.9116,1.0328,-0.45678
-1.4014,-1.9116,1.0328
-0.78348,-1.4014,-1.9116
0.31696,-0.78348,-1.4014
-0.11715,0.31696,-0.78348
0.83075,-0.11715,0.31696
-1.1888,0.83075,-0.11715
0.36609,-1.1888,0.83075
-0.19139,0.36609,-1.1888
0.85072,-0.19139,0.36609
-1.0605,0.85072,-0.19139
0.83968,-1.0605,0.85072
-1.6041,0.83968,-1.0605
-0.74324,-1.6041,0.83968
0.12831,-0.74324,-1.6041
0.63341,0.12831,-0.74324
-0.12059,0.63341,0.12831
0.83821,-0.12059,0.63341
-0.71985,0.83821,-0.12059
1.1864,-0.71985,0.83821
-1.6414,1.1864,-0.71985
0.94734,-1.6414,1.1864
-1.3653,0.94734,-1.6414
1.1154,-1.3653,0.94734
-1.527,1.1154,-1.3653
1.1945,-1.527,1.1154
-1.2704,1.1945,-1.527
1.5666,-1.2704,1.1945
-0.17612,1.5666,-1.2704
1.3764,-0.17612,1.5666
-1.5324,1.3764,-0.17612
1.1486,-1.5324,1.3764
-1.5129,1.1486,-1.5324
1.3282,-1.5129,1.1486
-0.98778,1.3282,-1.5129
1.5333,-0.98778,1.3282
-0.34381,1.5333,-0.98778
1.2987,-0.34381,1.5333
-1.904,1.2987,-0.34381
0.36561,-1.904,1.2987
-0.72409,0.36561,-1.904
0.82243,-0.72409,0.36561
-1.2328,0.82243,-0.72409
0.40528,-1.2328,0.82243
-0.4485,0.40528,-1.2328
0.97276,-0.4485,0.40528
-1.7091,0.97276,-0.4485
-0.82352,-1.7091,0.97276
0.13525,-0.82352,-1.7091
0.24533,0.13525,-0.82352
0.28558,0.24533,0.13525
0.34371,0.28558,0.24533
0.099873,0.34371,0.28558
0.70801,0.099873,0.34371
-0.89509,0.70801,0.099873
0.63356,-0.89509,0.70801
-0.14725,0.63356,-0.89509
0.83689,-0.14725,0.63356
-0.44755,0.83689,-0.14725
1.1039,-0.44755,0.83689
-0.12555,1.1039,-0.44755
0.892,-0.12555,1.1039
0.29123,0.892,-0.12555
0.3159,0.29123,0.892
0.7827,0.3159,0.29123
-0.93404,0.7827,0.3159
0.63644,-0.93404,0.7827
-0.30962,0.63644,-0.93404
0.96804,-0.30962,0.63644
-0.91067,0.96804,-0.30962
1.3022,-0.91067,0.96804
-1.3854,1.3022,-0.91067
1.5656,-1.3854,1.3022
-0.39026,1.5656,-1.3854
1.3244,-0.39026,1.5656
-1.9373,1.3244,-0.39026
0.32904,-1.9373,1.3244
-0.66427,0.32904,-1.9373
0.85576,-0.66427,0.32904
-1.3361,0.85576,-0.66427
0.18586,-1.3361,0.85576
-0.056138,0.18586,-1.3361
0.74034,-0.056138,0.18586
-0.90278,0.74034,-0.056138
0.77903,-0.90278,0.74034
-1.1231,0.77903,-0.90278
0.62698,-1.1231,0.77903
-0.98344,0.62698,-1.1231
0.59395,-0.98344,0.62698
-0.53046,0.59395,-0.98344
1.0417,-0.53046,0.59395
-1.7617,1.0417,-0.53046
-0.38447,-1.7617,1.0417
0.2821,-0.38447,-1.7617
0.54943,0.2821,-0.38447
-0.49751,0.54943,0.2821
0.97522,-0.49751,0.54943
-0.27786,0.97522,-0.49751
1.0495,-0.27786,0.97522
-0.92804,1.0495,-0.27786
1.3825,-0.92804,1.0495
-0.97945,1.3825,-0.92804
1.5627,-0.97945,1.3825
-0.22777,1.5627,-0.97945
1.3255,-0.22777,1.5627
-1.8331,1.3255,-0.22777
0.53506,-1.8331,1.3255
-0.94667,0.53506,-1.8331
0.79438,-0.94667,0.53506
-1.4362,0.79438,-0.94667
-0.33969,-1.4362,0.79438
0.46306,-0.33969,-1.4362
0.22098,0.46306,-0.33969
0.34474,0.22098,0.46306
0.48516,0.34474,0.22098
-0.37148,0.48516,0.34474
1.0501,-0.37148,0.48516
-0.38492,1.0501,-0.37148
1.1354,-0.38492,1.0501
-1.1159,1.1354,-0.38492
1.4305,-1.1159,1.1354
-1.0363,1.4305,-1.1159
1.5663,-1.0363,1.4305
-0.4753,1.5663,-1.0363
1.3251,-0.4753,1.5663
-1.971,1.3251,-0.4753
0.37611,-1.971,1.3251
-0.69855,0.37611,-1.971
0.9021,-0.69855,0.37611
-1.6425,0.9021,-0.69855
-0.80243,-1.6425,0.9021
0.066326,-0.80243,-1.6425
0.59811,0.066326,-0.80243
-0.17818,0.59811,0.066326
0.89991,-0.17818,0.59811
-1.0995,0.89991,-0.17818
0.91252,-1.0995,0.89991
-1.7818,0.91252,-1.0995
-1.0441,-1.7818,0.91252
-0.12581,-1.0441,-1.7818
0.42356,-0.12581,-1.0441
-0.10239,0.42356,-0.12581
0.84362,-0.10239,0.42356
-1.1976,0.84362,-0.10239
0.39532,-1.1976,0.84362
-0.31684,0.39532,-1.1976
0.94249,-0.31684,0.39532
-1.5137,0.94249,-0.31684
-0.12928,-1.5137,0.94249
0.22504,-0.12928,-1.5137
0.34716,0.22504,-0.12928
0.03592,0.34716,0.22504
0.82497,0.03592,0.34716
-1.2453,0.82497,0.03592
-0.0045387,-1.2453,0.82497
0.63721,-0.0045387,-1.2453
0.47294,0.63721,-0.0045387
0.19192,0.47294,0.63721
0.53903,0.19192,0.47294
-0.26046,0.53903,0.19192
0.97576,-0.26046,0.53903
-1.6679,0.97576,-0.26046
-0.68245,-1.6679,0.97576
0.27158,-0.68245,-1.6679
0.051713,0.27158,-0.68245
0.62249,0.051713,0.27158
-0.46988,0.62249,0.051713
1.0392,-0.46988,0.62249
-1.9181,1.0392,-0.46988
-1.3509,-1.9181,1.0392
-0.56902,-1.3509,-1.9181
0.45546,-0.56902,-1.3509
-0.29615,0.45546,-0.56902
0.95104,-0.29615,0.45546
-1.5473,0.95104,-0.29615
-0.22872,-1.5473,0.95104
0.29882,-0.22872,-1.5473
0.1694,0.29882,-0.22872
0.40618,0.1694,0.29882
0.19563,0.40618,0.1694
0.3103,0.19563,0.40618
0.59281,0.3103,0.19563
-0.64056,0.59281,0.3103
0.82661,-0.64056,0.59281
0.54999,0.82661,-0.64056
0.88552,0.54999,0.82661
-0.3848,0.88552,0.54999
1.0866,-0.3848,0.88552
-1.2286,1.0866,-0.3848
1.2653,-1.2286,1.0866
-1.6092,1.2653,-1.2286
1.3702,-1.6092,1.2653
-0.79705,1.3702,-1.6092
1.4185,-0.79705,1.3702
-1.0238,1.4185,-0.79705
1.573,-1.0238,1.4185
-0.38104,1.573,-1.0238
1.3197,-0.38104,1.573
-1.9723,1.3197,-0.38104
0.2426,-1.9723,1.3197
-0.55518,0.2426,-1.9723
0.87415,-0.55518,0.2426
-1.1991,0.87415,-0.55518
0.60438,-1.1991,0.87415
-1.002,0.60438,-1.1991
0.50657,-1.002,0.60438
-0.18492,0.50657,-1.002
0.84799,-0.18492,0.50657
-0.70552,0.84799,-0.18492
1.2053,-0.70552,0.84799
-1.4395,1.2053,-0.70552
1.3464,-1.4395,1.2053
-1.1761,1.3464,-1.4395
1.6047,-1.1761,1.3464
-0.13814,1.6047,-1.1761
1.4228,-0.13814,1.6047
-1.2827,1.4228,-0.13814
1.3623,-1.2827,1.4228
-1.5749,1.3623,-1.2827
1.5278,-1.5749,1.3623
-0.35634,1.5278,-1.5749
1.3175,-0.35634,1.5278
-1.8647,1.3175,-0.35634
0.47707,-1.8647,1.3175
-0.86294,0.47707,-1.8647
0.81812,-0.86294,0.47707
-1.4421,0.81812,-0.86294
-0.28925,-1.4421,0.81812
0.44962,-0.28925,-1.4421
0.011043,0.44962,-0.28925
0.66522,0.011043,0.44962
-0.36292,0.66522,0.011043
1.0087,-0.36292,0.66522
-1.1377,1.0087,-0.36292
1.2046,-1.1377,1.0087
-1.7793,1.2046,-1.1377
0.86246,-1.7793,1.2046
-1.1454,0.86246,-1.7793
1.2662,-1.1454,0.86246
-1.3228,1.2662,-1.1454
1.5795,-1.3228,1.2662
-0.2575,1.5795,-1.3228
1.3591,-0.2575,1.5795
-1.6898,1.3591,-0.2575
0.91401,-1.6898,1.3591
-1.3361,0.91401,-1.6898
1.0862,-1.3361,0.91401
-1.5766,1.0862,-1.3361
1.0031,-1.5766,1.0862
-1.3851,1.0031,-1.5766
1.2056,-1.3851,1.0031
-1.3893,1.2056,-1.3851
1.5138,-1.3893,1.2056
-0.48794,1.5138,-1.3893
1.3108,-0.48794,1.5138
-1.9344,1.3108,-0.48794
0.43165,-1.9344,1.3108
-0.77462,0.43165,-1.9344
0.89193,-0.77462,0.43165
-1.6465,0.89193,-0.77462
-0.82752,-1.6465,0.89193
0.02503,-0.82752,-1.6465
0.6463,0.02503,-0.82752
-0.13434,0.6463,0.02503
0.84317,-0.13434,0.6463
-0.64834,0.84317,-0.13434
1.1981,-0.64834,0.84317
-1.2304,1.1981,-0.64834
1.5033,-1.2304,1.1981
-0.69003,1.5033,-1.2304
1.3772,-0.69003,1.5033
-1.6142,1.3772,-0.69003
1.4057,-1.6142,1.3772
-0.81007,1.4057,-1.6142
1.417,-0.81007,1.4057
-1.1968,1.417,-0.81007
1.6174,-1.1968,1.417
-0.27569,1.6174,-1.1968
1.3705,-0.27569,1.6174
-1.7044,1.3705,-0.27569
0.915,-1.7044,1.3705
-1.3156,0.915,-1.7044
1.1292,-1.3156,0.915
-1.5499,1.1292,-1.3156
1.1754,-1.5499,1.1292
-1.2735,1.1754,-1.5499
1.5537,-1.2735,1.1754
-0.22965,1.5537,-1.2735
1.3444,-0.22965,1.5537
-1.7259,1.3444,-0.22965
